name: newenv
channels:
  - conda-forge
  - defaults
dependencies:
  - bcrypt=3.2.2=py38h91455d4_1
  - brotli=1.0.9=hcfcfb64_8
  - brotli-bin=1.0.9=hcfcfb64_8
  - bzip2=1.0.8=h8ffe710_4
  - ca-certificates=2023.5.7=h56e8100_0
  - certifi=2023.5.7=pyhd8ed1ab_0
  - cffi=1.15.1=py38h57701bc_3
  - charset-normalizer=3.1.0=pyhd8ed1ab_0
  - click=8.1.3=win_pyhd8ed1ab_2
  - colorama=0.4.6=pyhd8ed1ab_0
  - cryptography=41.0.1=py38h95f5157_0
  - dataclasses=0.8=pyhc8e2a94_3
  - docker-py=6.1.0=pyhd8ed1ab_0
  - git=2.41.0=h57928b3_0
  - gitdb=4.0.10=pyhd8ed1ab_0
  - github3.py=4.0.1=pyhd8ed1ab_0
  - gitpython=3.1.31=pyhd8ed1ab_0
  - idna=3.4=pyhd8ed1ab_0
  - libbrotlicommon=1.0.9=hcfcfb64_8
  - libbrotlidec=1.0.9=hcfcfb64_8
  - libbrotlienc=1.0.9=hcfcfb64_8
  - libffi=3.4.2=h8ffe710_5
  - libsqlite=3.42.0=hcfcfb64_0
  - libzlib=1.2.13=hcfcfb64_4
  - markdown-it-py=2.2.0=pyhd8ed1ab_0
  - mdurl=0.1.0=pyhd8ed1ab_0
  - openssl=3.1.1=hcfcfb64_1
  - packaging=23.1=pyhd8ed1ab_0
  - paramiko=3.2.0=pyhd8ed1ab_0
  - pip=23.1.2=pyhd8ed1ab_0
  - pycparser=2.21=pyhd8ed1ab_0
  - pydantic=0.18.2=py_0
  - pygments=2.15.1=pyhd8ed1ab_0
  - pyjwt=2.7.0=pyhd8ed1ab_0
  - pynacl=1.5.0=py38hbc1c497_2
  - pysocks=1.7.1=pyh0701188_6
  - python=3.8.16=h4de0772_1_cpython
  - python-dateutil=2.8.2=pyhd8ed1ab_0
  - python-on-whales=0.53.0=pyhd8ed1ab_0
  - python_abi=3.8=3_cp38
  - pywin32=304=py38hd3f51b4_2
  - pywin32-on-windows=0.1.0=pyh07e9846_2
  - requests=2.31.0=pyhd8ed1ab_0
  - rich=13.4.1=pyhd8ed1ab_0
  - setuptools=67.7.2=pyhd8ed1ab_0
  - shellingham=1.5.1=pyhd8ed1ab_0
  - six=1.16.0=pyh6c4a22f_0
  - smmap=3.0.5=pyh44b312d_0
  - tk=8.6.12=h8ffe710_0
  - tqdm=4.65.0=pyhd8ed1ab_1
  - typer=0.9.0=pyhd8ed1ab_0
  - typing-extensions=4.6.3=hd8ed1ab_0
  - typing_extensions=4.6.3=pyha770c72_0
  - ucrt=10.0.22621.0=h57928b3_0
  - uritemplate=4.1.1=pyhd8ed1ab_0
  - urllib3=2.0.3=pyhd8ed1ab_0
  - vc=14.3=hb25d44b_16
  - vc14_runtime=14.34.31931=h5081d32_16
  - vs2015_runtime=14.34.31931=hed1258a_16
  - websocket-client=1.5.2=pyhd8ed1ab_0
  - wheel=0.40.0=pyhd8ed1ab_0
  - win_inet_pton=1.1.0=pyhd8ed1ab_6
  - xz=5.2.6=h8d14728_0
prefix: C:\Users\jsproul\AppData\Local\anaconda3\envs\newenv
